     Input filename: data.dat
     Output filename: data-float-all.out

    fp         kt     3.76892939e+001    -1.00e+004     1.00e+004
    fp         kd     1.33773062e+000     7.13e-001     7.95e-001
    fp         kc     1.04725850e+001    -1.00e+003     1.00e+003
    fp       kend     1.61482214e+000    -1.00e+003     1.00e+003
    fp          r     1.31273045e+000    -1.00e+004     1.00e+004
    fp          C     6.26240719e-002    -1.00e+004     1.00e+004
    fp         n1     4.97440875e+000    -1.00e+004     1.00e+004
    fp         A1    -9.69215351e-001    -1.00e+004     1.00e+004
    fp         n2     7.67146049e+000    -1.00e+004     1.00e+004
    fp         A2    -9.72659197e-001    -1.00e+004     1.00e+004
    fp         n3     1.02071892e+001    -1.00e+004     1.00e+004
    fp         A3    -9.85713314e-001    -1.00e+004     1.00e+004
    fp         n4     1.28212339e+001    -1.00e+004     1.00e+004
    fp         A4    -9.93658594e-001    -1.00e+004     1.00e+004
    fp         n5     0.00000000e+000    -1.00e+004     1.00e+004
    fp         A5     0.00000000e+000    -1.00e+004     1.00e+004
    fp         n6     0.00000000e+000    -1.00e+004     1.00e+004
    fp         A6     0.00000000e+000    -1.00e+004     1.00e+004
    fp         n7     0.00000000e+000    -1.00e+004     1.00e+004
    fp         A7     0.00000000e+000    -1.00e+004     1.00e+004
    fp         n8     0.00000000e+000    -1.00e+004     1.00e+004
    fp         A8     0.00000000e+000    -1.00e+004     1.00e+004
    fp         n9     0.00000000e+000    -1.00e+004     1.00e+004
    fp         A9     0.00000000e+000    -1.00e+004     1.00e+004
    fp        n10     0.00000000e+000    -1.00e+004     1.00e+004
    fp        A10     0.00000000e+000    -1.00e+004     1.00e+004

     DOF:  786
     SSR:  1.1369e-001
     VAR:  1.4465e-004\n
     RCS:  1.0000e+000

     ATA (Information) Matrix
        kt  2.16e-003 -3.26e-003 -2.49e-003  1.20e-003 -3.20e-003 -1.97e-002 -3.30e-003 -1.90e-002 -2.65e-003 -1.97e-002 -2.14e-003 -1.94e-002 -1.70e-003 -1.85e-002 
        kd -3.26e-003  9.23e-002  5.84e-002  2.55e-002 -1.16e-002 -1.93e+000  8.97e-004  1.55e-001  1.78e-003  1.86e-001  2.40e-003  2.02e-001  2.79e-003  2.08e-001 
        kc -2.49e-003  5.84e-002  4.16e-002  1.44e-002 -6.40e-003 -1.29e+000  5.34e-004  1.71e-001  1.77e-003  1.44e-001  2.18e-003  1.23e-001  2.22e-003  1.06e-001 
      kend  1.20e-003  2.55e-002  1.44e-002  5.88e-002 -3.03e-003 -1.60e+000 -1.83e-003  5.01e-002 -1.49e-003  4.76e-002 -1.22e-003  4.59e-002 -9.62e-004  4.38e-002 
         r -3.20e-003 -1.16e-002 -6.40e-003 -3.03e-003  3.24e-002  2.60e-001  1.25e-002  2.09e-002  5.96e-003  1.36e-002  3.34e-003  1.07e-002  1.97e-003  9.13e-003 
         C -1.97e-002 -1.93e+000 -1.29e+000 -1.60e+000  2.60e-001  7.04e+001  9.85e-002 -4.53e+000  5.20e-002 -4.06e+000  2.48e-002 -3.70e+000  6.17e-003 -3.34e+000 
        n1 -3.30e-003  8.97e-004  5.34e-004 -1.83e-003  1.25e-002  9.85e-002  2.60e-002  1.23e-001  0.00e+000  0.00e+000  0.00e+000  0.00e+000  0.00e+000  0.00e+000 
        A1 -1.90e-002  1.55e-001  1.71e-001  5.01e-002  2.09e-002 -4.53e+000  1.23e-001  2.80e+000  0.00e+000  0.00e+000  0.00e+000  0.00e+000  0.00e+000  0.00e+000 
        n2 -2.65e-003  1.78e-003  1.77e-003 -1.49e-003  5.96e-003  5.20e-002  0.00e+000  0.00e+000  1.33e-002  8.75e-002  0.00e+000  0.00e+000  0.00e+000  0.00e+000 
        A2 -1.97e-002  1.86e-001  1.44e-001  4.76e-002  1.36e-002 -4.06e+000  0.00e+000  0.00e+000  8.75e-002  2.22e+000  0.00e+000  0.00e+000  0.00e+000  0.00e+000 
        n3 -2.14e-003  2.40e-003  2.18e-003 -1.22e-003  3.34e-003  2.48e-002  0.00e+000  0.00e+000  0.00e+000  0.00e+000  8.05e-003  6.66e-002  0.00e+000  0.00e+000 
        A3 -1.94e-002  2.02e-001  1.23e-001  4.59e-002  1.07e-002 -3.70e+000  0.00e+000  0.00e+000  0.00e+000  0.00e+000  6.66e-002  1.83e+000  0.00e+000  0.00e+000 
        n4 -1.70e-003  2.79e-003  2.22e-003 -9.62e-004  1.97e-003  6.17e-003  0.00e+000  0.00e+000  0.00e+000  0.00e+000  0.00e+000  0.00e+000  5.07e-003  5.16e-002 
        A4 -1.85e-002  2.08e-001  1.06e-001  4.38e-002  9.13e-003 -3.34e+000  0.00e+000  0.00e+000  0.00e+000  0.00e+000  0.00e+000  0.00e+000  5.16e-002  1.52e+000 

     Inverse of Information Matrix
        kt  4.25e+005  2.70e+004 -5.33e+004 -2.76e+003 -1.85e+004  7.61e+001  4.93e+004  2.78e+003  8.22e+004  2.02e+003  1.16e+005  1.21e+003  1.55e+005  2.80e+002 
        kd  2.70e+004  2.87e+003 -4.54e+003 -3.33e+002 -9.85e+002 -8.57e-001  3.01e+003  1.81e+002  5.38e+003  9.23e+001  7.93e+003 -8.40e-001  1.08e+004 -1.04e+002 
        kc -5.33e+004 -4.54e+003  1.12e+004  1.01e+003  2.44e+003  1.38e+001 -5.24e+003 -5.77e+002 -9.52e+003 -4.53e+002 -1.41e+004 -3.17e+002 -1.94e+004 -1.58e+002 
      kend -2.76e+003 -3.33e+002  1.01e+003  2.11e+002  1.42e+002  6.82e+000 -2.18e+002 -4.64e+001 -4.63e+002 -3.68e+001 -7.39e+002 -2.63e+001 -1.06e+003 -1.41e+001 
         r -1.85e+004 -9.85e+002  2.44e+003  1.42e+002  9.14e+002 -2.42e+000 -2.12e+003 -1.40e+002 -3.49e+003 -1.15e+002 -4.92e+003 -8.67e+001 -6.50e+003 -5.38e+001 
         C  7.61e+001 -8.57e-001  1.38e+001  6.82e+000 -2.42e+000  3.36e-001  1.14e+001 -3.41e-001  1.58e+001 -2.83e-001  1.96e+001 -2.18e-001  2.33e+001 -1.46e-001 
        n1  4.93e+004  3.01e+003 -5.24e+003 -2.18e+002 -2.12e+003  1.14e+001  6.02e+003  2.61e+002  9.80e+003  1.76e+002  1.38e+004  8.37e+001  1.81e+004 -2.07e+001 
        A1  2.78e+003  1.81e+002 -5.77e+002 -4.64e+001 -1.40e+002 -3.41e-001  2.61e+002  3.43e+001  4.69e+002  2.96e+001  6.90e+002  2.47e+001  9.41e+002  1.87e+001 
        n2  8.22e+004  5.38e+003 -9.52e+003 -4.63e+002 -3.49e+003  1.58e+001  9.80e+003  4.69e+002  1.64e+004  3.10e+002  2.30e+004  1.48e+002  3.04e+004 -3.96e+001 
        A2  2.02e+003  9.23e+001 -4.53e+002 -3.68e+001 -1.15e+002 -2.83e-001  1.76e+002  2.96e+001  3.10e+002  2.87e+001  4.60e+002  2.61e+001  6.27e+002  2.34e+001 
        n3  1.16e+005  7.93e+003 -1.41e+004 -7.39e+002 -4.92e+003  1.96e+001  1.38e+004  6.90e+002  2.30e+004  4.60e+002  3.27e+004  2.09e+002  4.33e+004 -6.12e+001 
        A3  1.21e+003 -8.40e-001 -3.17e+002 -2.63e+001 -8.67e+001 -2.18e-001  8.37e+001  2.47e+001  1.48e+002  2.61e+001  2.09e+002  2.80e+001  2.91e+002  2.78e+001 
        n4  1.55e+005  1.08e+004 -1.94e+004 -1.06e+003 -6.50e+003  2.33e+001  1.81e+004  9.41e+002  3.04e+004  6.27e+002  4.33e+004  2.91e+002  5.79e+004 -9.83e+001 
        A4  2.80e+002 -1.04e+002 -1.58e+002 -1.41e+001 -5.38e+001 -1.46e-001 -2.07e+001  1.87e+001 -3.96e+001  2.34e+001 -6.12e+001  2.78e+001 -9.83e+001  3.31e+001 

     Correlation Matrix
        kt  1.000000  0.772720 -0.771891 -0.290998 -0.937708  0.201591  0.974658  0.727832  0.986015  0.579260  0.987629  0.350899  0.986078  0.074636 
        kd  0.772720  1.000000 -0.800656 -0.428035 -0.607975 -0.027594  0.725058  0.575756  0.784887  0.321063  0.817707 -0.002962  0.840628 -0.337352 
        kc -0.771891 -0.800656  1.000000  0.659217  0.762636  0.224482 -0.638705 -0.931214 -0.702866 -0.798299 -0.738294 -0.565289 -0.762707 -0.260086 
      kend -0.290998 -0.428035  0.659217  1.000000  0.323835  0.809577 -0.193521 -0.545224 -0.248940 -0.472352 -0.281379 -0.341685 -0.304462 -0.168916 
         r -0.937708 -0.607975  0.762636  0.323835  1.000000 -0.138216 -0.902892 -0.789571 -0.903263 -0.707422 -0.899188 -0.542059 -0.893700 -0.308932 
         C  0.201591 -0.027594  0.224482  0.809577 -0.138216  1.000000  0.253597 -0.100574  0.213076 -0.091043  0.186900 -0.071203  0.167054 -0.043885 
        n1  0.974658  0.725058 -0.638705 -0.193521 -0.902892  0.253597  1.000000  0.573597  0.987837  0.423549  0.980259  0.203963  0.971998 -0.046476 
        A1  0.727832  0.575756 -0.931214 -0.545224 -0.789571 -0.100574  0.573597  1.000000  0.625853  0.942325  0.651118  0.795905  0.667780  0.553615 
        n2  0.986015  0.784887 -0.702866 -0.248940 -0.903263  0.213076  0.987837  0.625853  1.000000  0.451415  0.992334  0.218291  0.988608 -0.053721 
        A2  0.579260  0.321063 -0.798299 -0.472352 -0.707422 -0.091043  0.423549  0.942325  0.451415  1.000000  0.474683  0.921561  0.485720  0.756911 
        n3  0.987629  0.817707 -0.738294 -0.281379 -0.899188  0.186900  0.980259  0.651118  0.992334  0.474683  1.000000  0.218246  0.993622 -0.058811 
        A3  0.350899 -0.002962 -0.565289 -0.341685 -0.542059 -0.071203  0.203963  0.795905  0.218291  0.921561  0.218246  1.000000  0.228484  0.912897 
        n4  0.986078  0.840628 -0.762707 -0.304462 -0.893700  0.167054  0.971998  0.667780  0.988608  0.485720  0.993622  0.228484  1.000000 -0.070976 
        A4  0.074636 -0.337352 -0.260086 -0.168916 -0.308932 -0.043885 -0.046476  0.553615 -0.053721  0.756911 -0.058811  0.912897 -0.070976  1.000000 

     Covariance Matrix
        kt  6.14e+001  3.90e+000 -7.70e+000 -3.99e-001 -2.67e+000  1.10e-002  7.13e+000  4.02e-001  1.19e+001  2.93e-001  1.68e+001  1.75e-001  2.24e+001  4.05e-002 
        kd  3.90e+000  4.16e-001 -6.57e-001 -4.82e-002 -1.43e-001 -1.24e-004  4.36e-001  2.61e-002  7.79e-001  1.33e-002  1.15e+000 -1.22e-004  1.57e+000 -1.51e-002 
        kc -7.70e+000 -6.57e-001  1.62e+000  1.47e-001  3.53e-001  1.99e-003 -7.59e-001 -8.35e-002 -1.38e+000 -6.55e-002 -2.04e+000 -4.58e-002 -2.81e+000 -2.29e-002 
      kend -3.99e-001 -4.82e-002  1.47e-001  3.05e-002  2.06e-002  9.86e-004 -3.15e-002 -6.71e-003 -6.69e-002 -5.32e-003 -1.07e-001 -3.80e-003 -1.54e-001 -2.04e-003 
         r -2.67e+000 -1.43e-001  3.53e-001  2.06e-002  1.32e-001 -3.50e-004 -3.06e-001 -2.02e-002 -5.05e-001 -1.66e-002 -7.11e-001 -1.25e-002 -9.40e-001 -7.78e-003 
         C  1.10e-002 -1.24e-004  1.99e-003  9.86e-004 -3.50e-004  4.86e-005  1.65e-003 -4.94e-005  2.29e-003 -4.09e-005  2.83e-003 -3.16e-005  3.37e-003 -2.12e-005 
        n1  7.13e+000  4.36e-001 -7.59e-001 -3.15e-002 -3.06e-001  1.65e-003  8.70e-001  3.77e-002  1.42e+000  2.55e-002  1.99e+000  1.21e-002  2.62e+000 -3.00e-003 
        A1  4.02e-001  2.61e-002 -8.35e-002 -6.71e-003 -2.02e-002 -4.94e-005  3.77e-002  4.96e-003  6.78e-002  4.28e-003  9.98e-002  3.57e-003  1.36e-001  2.70e-003 
        n2  1.19e+001  7.79e-001 -1.38e+000 -6.69e-002 -5.05e-001  2.29e-003  1.42e+000  6.78e-002  2.37e+000  4.48e-002  3.32e+000  2.14e-002  4.40e+000 -5.72e-003 
        A2  2.93e-001  1.33e-002 -6.55e-002 -5.32e-003 -1.66e-002 -4.09e-005  2.55e-002  4.28e-003  4.48e-002  4.16e-003  6.66e-002  3.78e-003  9.06e-002  3.38e-003 
        n3  1.68e+001  1.15e+000 -2.04e+000 -1.07e-001 -7.11e-001  2.83e-003  1.99e+000  9.98e-002  3.32e+000  6.66e-002  4.73e+000  3.02e-002  6.26e+000 -8.86e-003 
        A3  1.75e-001 -1.22e-004 -4.58e-002 -3.80e-003 -1.25e-002 -3.16e-005  1.21e-002  3.57e-003  2.14e-002  3.78e-003  3.02e-002  4.05e-003  4.21e-002  4.02e-003 
        n4  2.24e+001  1.57e+000 -2.81e+000 -1.54e-001 -9.40e-001  3.37e-003  2.62e+000  1.36e-001  4.40e+000  9.06e-002  6.26e+000  4.21e-002  8.38e+000 -1.42e-002 
        A4  4.05e-002 -1.51e-002 -2.29e-002 -2.04e-003 -7.78e-003 -2.12e-005 -3.00e-003  2.70e-003 -5.72e-003  3.38e-003 -8.86e-003  4.02e-003 -1.42e-002  4.79e-003 

    fp         kt     4.22949484e+001    -1.00e+004     1.00e+004
    fp         kd     1.07134784e+000     7.13e-001     7.95e-001
    fp         kc     1.06400097e+001    -1.00e+003     1.00e+003
    fp       kend     1.95786295e+000    -1.00e+003     1.00e+003
    fp          r     1.26256433e+000    -1.00e+004     1.00e+004
    fp          C     5.68868003e-002    -1.00e+004     1.00e+004
    fp         n1     5.45195860e+000    -1.00e+004     1.00e+004
    fp         A1    -1.00407896e+000    -1.00e+004     1.00e+004
    fp         n2     8.68386507e+000    -1.00e+004     1.00e+004
    fp         A2    -1.00658522e+000    -1.00e+004     1.00e+004
    fp         n3     1.18820269e+001    -1.00e+004     1.00e+004
    fp         A3    -1.02731277e+000    -1.00e+004     1.00e+004
    fp         n4     1.52121781e+001    -1.00e+004     1.00e+004
    fp         A4    -1.04538348e+000    -1.00e+004     1.00e+004
    fp         n5     0.00000000e+000    -1.00e+004     1.00e+004
    fp         A5     0.00000000e+000    -1.00e+004     1.00e+004
    fp         n6     0.00000000e+000    -1.00e+004     1.00e+004
    fp         A6     0.00000000e+000    -1.00e+004     1.00e+004
    fp         n7     0.00000000e+000    -1.00e+004     1.00e+004
    fp         A7     0.00000000e+000    -1.00e+004     1.00e+004
    fp         n8     0.00000000e+000    -1.00e+004     1.00e+004
    fp         A8     0.00000000e+000    -1.00e+004     1.00e+004
    fp         n9     0.00000000e+000    -1.00e+004     1.00e+004
    fp         A9     0.00000000e+000    -1.00e+004     1.00e+004
    fp        n10     0.00000000e+000    -1.00e+004     1.00e+004
    fp        A10     0.00000000e+000    -1.00e+004     1.00e+004

     DOF:  786
     SSR:  7.7559e-002
     VAR:  9.8675e-005\n
     RCS:  1.0000e+000

     ATA (Information) Matrix
        kt  2.04e-003 -2.78e-003 -1.98e-003  1.19e-003 -2.96e-003 -3.23e-002 -3.08e-003 -1.68e-002 -2.46e-003 -1.76e-002 -1.97e-003 -1.74e-002 -1.56e-003 -1.67e-002 
        kd -2.78e-003  1.10e-001  6.61e-002  2.16e-002 -1.49e-002 -2.04e+000  3.37e-004  1.59e-001  1.17e-003  1.97e-001  1.82e-003  2.20e-001  2.28e-003  2.30e-001 
        kc -1.98e-003  6.61e-002  4.53e-002  1.30e-002 -8.43e-003 -1.35e+000 -4.43e-004  1.77e-001  1.11e-003  1.49e-001  1.70e-003  1.28e-001  1.86e-003  1.09e-001 
      kend  1.19e-003  2.16e-002  1.30e-002  3.21e-002 -3.08e-003 -1.13e+000 -1.73e-003  3.63e-002 -1.42e-003  3.54e-002 -1.19e-003  3.49e-002 -9.57e-004  3.41e-002 
         r -2.96e-003 -1.49e-002 -8.43e-003 -3.08e-003  3.30e-002  3.05e-001  1.23e-002  1.27e-002  5.43e-003  6.56e-003  2.83e-003  4.78e-003  1.59e-003  4.32e-003 
         C -3.23e-002 -2.04e+000 -1.35e+000 -1.13e+000  3.05e-001  6.37e+001  1.16e-001 -4.34e+000  6.55e-002 -3.90e+000  3.55e-002 -3.58e+000  1.47e-002 -3.25e+000 
        n1 -3.08e-003  3.37e-004 -4.43e-004 -1.73e-003  1.23e-002  1.16e-001  2.47e-002  1.10e-001  0.00e+000  0.00e+000  0.00e+000  0.00e+000  0.00e+000  0.00e+000 
        A1 -1.68e-002  1.59e-001  1.77e-001  3.63e-002  1.27e-002 -4.34e+000  1.10e-001  2.80e+000  0.00e+000  0.00e+000  0.00e+000  0.00e+000  0.00e+000  0.00e+000 
        n2 -2.46e-003  1.17e-003  1.11e-003 -1.42e-003  5.43e-003  6.55e-002  0.00e+000  0.00e+000  1.22e-002  7.66e-002  0.00e+000  0.00e+000  0.00e+000  0.00e+000 
        A2 -1.76e-002  1.97e-001  1.49e-001  3.54e-002  6.56e-003 -3.90e+000  0.00e+000  0.00e+000  7.66e-002  2.21e+000  0.00e+000  0.00e+000  0.00e+000  0.00e+000 
        n3 -1.97e-003  1.82e-003  1.70e-003 -1.19e-003  2.83e-003  3.55e-002  0.00e+000  0.00e+000  0.00e+000  0.00e+000  7.10e-003  5.73e-002  0.00e+000  0.00e+000 
        A3 -1.74e-002  2.20e-001  1.28e-001  3.49e-002  4.78e-003 -3.58e+000  0.00e+000  0.00e+000  0.00e+000  0.00e+000  5.73e-002  1.79e+000  0.00e+000  0.00e+000 
        n4 -1.56e-003  2.28e-003  1.86e-003 -9.57e-004  1.59e-003  1.47e-002  0.00e+000  0.00e+000  0.00e+000  0.00e+000  0.00e+000  0.00e+000  4.38e-003  4.37e-002 
        A4 -1.67e-002  2.30e-001  1.09e-001  3.41e-002  4.32e-003 -3.25e+000  0.00e+000  0.00e+000  0.00e+000  0.00e+000  0.00e+000  0.00e+000  4.37e-002  1.47e+000 

     Inverse of Information Matrix
        kt  4.36e+005  2.15e+004 -4.91e+004 -3.89e+003 -1.66e+004 -1.37e+001  4.95e+004  2.65e+003  8.49e+004  2.00e+003  1.23e+005  1.26e+003  1.67e+005  3.81e+002 
        kd  2.15e+004  1.80e+003 -3.38e+003 -3.80e+002 -6.92e+002 -7.81e+000  2.30e+003  1.45e+002  4.24e+003  8.43e+001  6.44e+003  1.64e+001  8.96e+003 -6.13e+001 
        kc -4.91e+004 -3.38e+003  1.02e+004  1.46e+003  2.02e+003  3.90e+001 -4.62e+003 -5.30e+002 -8.75e+003 -4.30e+002 -1.35e+004 -3.13e+002 -1.89e+004 -1.74e+002 
      kend -3.89e+003 -3.80e+002  1.46e+003  4.51e+002  1.87e+002  1.46e+001 -2.84e+002 -6.70e+001 -6.43e+002 -5.51e+001 -1.07e+003 -4.13e+001 -1.58e+003 -2.50e+001 
         r -1.66e+004 -6.92e+002  2.02e+003  1.87e+002  7.30e+002  1.99e+000 -1.86e+003 -1.17e+002 -3.17e+003 -9.82e+001 -4.58e+003 -7.59e+001 -6.17e+003 -4.86e+001 
         C -1.37e+001 -7.81e+000  3.90e+001  1.46e+001  1.99e+000  5.60e-001  3.54e+000 -1.57e+000  4.58e-001 -1.30e+000 -4.33e+000 -9.90e-001 -1.06e+001 -6.21e-001 
        n1  4.95e+004  2.30e+003 -4.62e+003 -2.84e+002 -1.86e+003  3.54e+000  5.91e+003  2.42e+002  9.88e+003  1.73e+002  1.42e+004  9.18e+001  1.91e+004 -2.97e+000 
        A1  2.65e+003  1.45e+002 -5.30e+002 -6.70e+001 -1.17e+002 -1.57e+000  2.42e+002  3.09e+001  4.55e+002  2.67e+001  6.93e+002  2.21e+001  9.66e+002  1.65e+001 
        n2  8.49e+004  4.24e+003 -8.75e+003 -6.43e+002 -3.17e+003  4.58e-001  9.88e+003  4.55e+002  1.69e+004  3.18e+002  2.44e+004  1.72e+002  3.29e+004 -3.89e+000 
        A2  2.00e+003  8.43e+001 -4.30e+002 -5.51e+001 -9.82e+001 -1.30e+000  1.73e+002  2.67e+001  3.18e+002  2.56e+001  4.91e+002  2.28e+001  6.84e+002  1.98e+001 
        n3  1.23e+005  6.44e+003 -1.35e+004 -1.07e+003 -4.58e+003 -4.33e+000  1.42e+004  6.93e+002  2.44e+004  4.91e+002  3.57e+004  2.56e+002  4.79e+004 -5.08e+000 
        A3  1.26e+003  1.64e+001 -3.13e+002 -4.13e+001 -7.59e+001 -9.90e-001  9.18e+001  2.21e+001  1.72e+002  2.28e+001  2.56e+002  2.40e+001  3.65e+002  2.32e+001 
        n4  1.67e+005  8.96e+003 -1.89e+004 -1.58e+003 -6.17e+003 -1.06e+001  1.91e+004  9.66e+002  3.29e+004  6.84e+002  4.79e+004  3.65e+002  6.52e+004 -1.76e+001 
        A4  3.81e+002 -6.13e+001 -1.74e+002 -2.50e+001 -4.86e+001 -6.21e-001 -2.97e+000  1.65e+001 -3.89e+000  1.98e+001 -5.08e+000  2.32e+001 -1.76e+001  2.74e+001 

     Correlation Matrix
        kt  1.000000  0.764873 -0.737893 -0.277134 -0.931030 -0.027660  0.974473  0.722768  0.987545  0.599452  0.989958  0.389402  0.988852  0.110246 
        kd  0.764873  1.000000 -0.789463 -0.421469 -0.602855 -0.245718  0.704317  0.613726  0.767254  0.392222  0.802253  0.078848  0.826035 -0.275511 
        kc -0.737893 -0.789463  1.000000  0.684157  0.742170  0.517094 -0.596317 -0.945506 -0.667000 -0.842497 -0.707142 -0.634866 -0.734084 -0.329524 
      kend -0.277134 -0.421469  0.684157  1.000000  0.325461  0.920648 -0.173872 -0.567899 -0.232780 -0.512935 -0.267724 -0.397474 -0.291485 -0.224456 
         r -0.931030 -0.602855  0.742170  0.325461  1.000000  0.098628 -0.897430 -0.780038 -0.900846 -0.718098 -0.898687 -0.573425 -0.894625 -0.343692 
         C -0.027660 -0.245718  0.517094  0.920648  0.098628  1.000000  0.061544 -0.377972  0.004705 -0.343839 -0.030621 -0.270026 -0.055457 -0.158498 
        n1  0.974473  0.704317 -0.596317 -0.173872 -0.897430  0.061544  1.000000  0.567580  0.987359  0.444583  0.979187  0.243880  0.970571 -0.007378 
        A1  0.722768  0.613726 -0.945506 -0.567899 -0.780038 -0.377972  0.567580  1.000000  0.628525  0.948923  0.659777  0.813494  0.680113  0.565409 
        n2  0.987545  0.767254 -0.667000 -0.232780 -0.900846  0.004705  0.987359  0.628525  1.000000  0.483606  0.992195  0.269456  0.988321 -0.005705 
        A2  0.599452  0.392222 -0.842497 -0.512935 -0.718098 -0.343839  0.444583  0.948923  0.483606  1.000000  0.513730  0.921017  0.529366  0.746779 
        n3  0.989958  0.802253 -0.707142 -0.267724 -0.898687 -0.030621  0.979187  0.659777  0.992195  0.513730  1.000000  0.276822  0.993765 -0.005136 
        A3  0.389402  0.078848 -0.634866 -0.397474 -0.573425 -0.270026  0.243880  0.813494  0.269456  0.921017  0.276822  1.000000  0.291664  0.902968 
        n4  0.988852  0.826035 -0.734084 -0.291485 -0.894625 -0.055457  0.970571  0.680113  0.988321  0.529366  0.993765  0.291664  1.000000 -0.013140 
        A4  0.110246 -0.275511 -0.329524 -0.224456 -0.343692 -0.158498 -0.007378  0.565409 -0.005705  0.746779 -0.005136  0.902968 -0.013140  1.000000 

     Covariance Matrix
        kt  4.31e+001  2.12e+000 -4.85e+000 -3.84e-001 -1.64e+000 -1.35e-003  4.88e+000  2.62e-001  8.38e+000  1.98e-001  1.22e+001  1.24e-001  1.65e+001  3.76e-002 
        kd  2.12e+000  1.78e-001 -3.34e-001 -3.75e-002 -6.83e-002 -7.71e-004  2.27e-001  1.43e-002  4.19e-001  8.32e-003  6.35e-001  1.62e-003  8.84e-001 -6.05e-003 
        kc -4.85e+000 -3.34e-001  1.00e+000  1.45e-001  1.99e-001  3.85e-003 -4.56e-001 -5.23e-002 -8.64e-001 -4.24e-002 -1.33e+000 -3.09e-002 -1.87e+000 -1.72e-002 
      kend -3.84e-001 -3.75e-002  1.45e-001  4.45e-002  1.84e-002  1.44e-003 -2.80e-002 -6.61e-003 -6.35e-002 -5.44e-003 -1.06e-001 -4.08e-003 -1.56e-001 -2.46e-003 
         r -1.64e+000 -6.83e-002  1.99e-001  1.84e-002  7.20e-002  1.97e-004 -1.84e-001 -1.16e-002 -3.13e-001 -9.69e-003 -4.52e-001 -7.49e-003 -6.09e-001 -4.80e-003 
         C -1.35e-003 -7.71e-004  3.85e-003  1.44e-003  1.97e-004  5.52e-005  3.49e-004 -1.55e-004  4.52e-005 -1.28e-004 -4.27e-004 -9.77e-005 -1.05e-003 -6.13e-005 
        n1  4.88e+000  2.27e-001 -4.56e-001 -2.80e-002 -1.84e-001  3.49e-004  5.83e-001  2.39e-002  9.74e-001  1.71e-002  1.40e+000  9.06e-003  1.88e+000 -2.93e-004 
        A1  2.62e-001  1.43e-002 -5.23e-002 -6.61e-003 -1.16e-002 -1.55e-004  2.39e-002  3.05e-003  4.49e-002  2.63e-003  6.83e-002  2.19e-003  9.53e-002  1.62e-003 
        n2  8.38e+000  4.19e-001 -8.64e-001 -6.35e-002 -3.13e-001  4.52e-005  9.74e-001  4.49e-002  1.67e+000  3.14e-002  2.41e+000  1.69e-002  3.24e+000 -3.84e-004 
        A2  1.98e-001  8.32e-003 -4.24e-002 -5.44e-003 -9.69e-003 -1.28e-004  1.71e-002  2.63e-003  3.14e-002  2.53e-003  4.84e-002  2.25e-003  6.75e-002  1.95e-003 
        n3  1.22e+001  6.35e-001 -1.33e+000 -1.06e-001 -4.52e-001 -4.27e-004  1.40e+000  6.83e-002  2.41e+000  4.84e-002  3.52e+000  2.53e-002  4.73e+000 -5.01e-004 
        A3  1.24e-001  1.62e-003 -3.09e-002 -4.08e-003 -7.49e-003 -9.77e-005  9.06e-003  2.19e-003  1.69e-002  2.25e-003  2.53e-002  2.37e-003  3.60e-002  2.28e-003 
        n4  1.65e+001  8.84e-001 -1.87e+000 -1.56e-001 -6.09e-001 -1.05e-003  1.88e+000  9.53e-002  3.24e+000  6.75e-002  4.73e+000  3.60e-002  6.44e+000 -1.73e-003 
        A4  3.76e-002 -6.05e-003 -1.72e-002 -2.46e-003 -4.80e-003 -6.13e-005 -2.93e-004  1.62e-003 -3.84e-004  1.95e-003 -5.01e-004  2.28e-003 -1.73e-003  2.70e-003 

    fp         kt     4.50677950e+001    -1.00e+004     1.00e+004
    fp         kd     9.71543071e-001     7.13e-001     7.95e-001
    fp         kc     1.07953797e+001    -1.00e+003     1.00e+003
    fp       kend     2.06241317e+000    -1.00e+003     1.00e+003
    fp          r     1.20100263e+000    -1.00e+004     1.00e+004
    fp          C     5.55449103e-002    -1.00e+004     1.00e+004
    fp         n1     5.84490617e+000    -1.00e+004     1.00e+004
    fp         A1    -1.01487705e+000    -1.00e+004     1.00e+004
    fp         n2     9.33287311e+000    -1.00e+004     1.00e+004
    fp         A2    -1.01603977e+000    -1.00e+004     1.00e+004
    fp         n3     1.28405705e+001    -1.00e+004     1.00e+004
    fp         A3    -1.03777831e+000    -1.00e+004     1.00e+004
    fp         n4     1.64576838e+001    -1.00e+004     1.00e+004
    fp         A4    -1.05683084e+000    -1.00e+004     1.00e+004
    fp         n5     0.00000000e+000    -1.00e+004     1.00e+004
    fp         A5     0.00000000e+000    -1.00e+004     1.00e+004
    fp         n6     0.00000000e+000    -1.00e+004     1.00e+004
    fp         A6     0.00000000e+000    -1.00e+004     1.00e+004
    fp         n7     0.00000000e+000    -1.00e+004     1.00e+004
    fp         A7     0.00000000e+000    -1.00e+004     1.00e+004
    fp         n8     0.00000000e+000    -1.00e+004     1.00e+004
    fp         A8     0.00000000e+000    -1.00e+004     1.00e+004
    fp         n9     0.00000000e+000    -1.00e+004     1.00e+004
    fp         A9     0.00000000e+000    -1.00e+004     1.00e+004
    fp        n10     0.00000000e+000    -1.00e+004     1.00e+004
    fp        A10     0.00000000e+000    -1.00e+004     1.00e+004

     DOF:  786
     SSR:  7.5265e-002
     VAR:  9.5756e-005\n
     RCS:  1.0000e+000

     ATA (Information) Matrix
        kt  1.90e-003 -2.49e-003 -1.74e-003  1.16e-003 -2.89e-003 -3.56e-002 -2.85e-003 -1.56e-002 -2.27e-003 -1.63e-002 -1.82e-003 -1.62e-002 -1.44e-003 -1.55e-002 
        kd -2.49e-003  1.16e-001  6.73e-002  2.08e-002 -1.67e-002 -2.08e+000  1.53e-004  1.60e-001  9.14e-004  2.00e-001  1.53e-003  2.24e-001  1.98e-003  2.36e-001 
        kc -1.74e-003  6.73e-002  4.50e-002  1.24e-002 -9.34e-003 -1.35e+000 -6.71e-004  1.75e-001  8.75e-004  1.47e-001  1.49e-003  1.27e-001  1.66e-003  1.09e-001 
      kend  1.16e-003  2.08e-002  1.24e-002  2.74e-002 -3.21e-003 -1.04e+000 -1.65e-003  3.35e-002 -1.36e-003  3.28e-002 -1.14e-003  3.27e-002 -9.27e-004  3.22e-002 
         r -2.89e-003 -1.67e-002 -9.34e-003 -3.21e-003  3.59e-002  3.33e-001  1.21e-002  9.64e-003  5.26e-003  4.09e-003  2.69e-003  2.78e-003  1.49e-003  2.72e-003 
         C -3.56e-002 -2.08e+000 -1.35e+000 -1.04e+000  3.33e-001  6.23e+001  1.17e-001 -4.28e+000  6.75e-002 -3.86e+000  3.77e-002 -3.55e+000  1.73e-002 -3.24e+000 
        n1 -2.85e-003  1.53e-004 -6.71e-004 -1.65e-003  1.21e-002  1.17e-001  2.27e-002  1.02e-001  0.00e+000  0.00e+000  0.00e+000  0.00e+000  0.00e+000  0.00e+000 
        A1 -1.56e-002  1.60e-001  1.75e-001  3.35e-002  9.64e-003 -4.28e+000  1.02e-001  2.77e+000  0.00e+000  0.00e+000  0.00e+000  0.00e+000  0.00e+000  0.00e+000 
        n2 -2.27e-003  9.14e-004  8.75e-004 -1.36e-003  5.26e-003  6.75e-002  0.00e+000  0.00e+000  1.11e-002  7.05e-002  0.00e+000  0.00e+000  0.00e+000  0.00e+000 
        A2 -1.63e-002  2.00e-001  1.47e-001  3.28e-002  4.09e-003 -3.86e+000  0.00e+000  0.00e+000  7.05e-002  2.18e+000  0.00e+000  0.00e+000  0.00e+000  0.00e+000 
        n3 -1.82e-003  1.53e-003  1.49e-003 -1.14e-003  2.69e-003  3.77e-002  0.00e+000  0.00e+000  0.00e+000  0.00e+000  6.43e-003  5.23e-002  0.00e+000  0.00e+000 
        A3 -1.62e-002  2.24e-001  1.27e-001  3.27e-002  2.78e-003 -3.55e+000  0.00e+000  0.00e+000  0.00e+000  0.00e+000  5.23e-002  1.77e+000  0.00e+000  0.00e+000 
        n4 -1.44e-003  1.98e-003  1.66e-003 -9.27e-004  1.49e-003  1.73e-002  0.00e+000  0.00e+000  0.00e+000  0.00e+000  0.00e+000  0.00e+000  3.97e-003  3.99e-002 
        A4 -1.55e-002  2.36e-001  1.09e-001  3.22e-002  2.72e-003 -3.24e+000  0.00e+000  0.00e+000  0.00e+000  0.00e+000  0.00e+000  0.00e+000  3.99e-002  1.45e+000 

     Inverse of Information Matrix
        kt  4.79e+005  2.08e+004 -5.11e+004 -4.47e+003 -1.64e+004 -3.63e+001  5.47e+004  2.77e+003  9.38e+004  2.12e+003  1.37e+005  1.37e+003  1.85e+005  4.93e+002 
        kd  2.08e+004  1.55e+003 -3.13e+003 -3.85e+002 -6.09e+002 -8.69e+000  2.25e+003  1.36e+002  4.13e+003  8.31e+001  6.29e+003  2.26e+001  8.74e+003 -4.61e+001 
        kc -5.11e+004 -3.13e+003  1.03e+004  1.65e+003  1.92e+003  4.58e+001 -4.83e+003 -5.36e+002 -9.16e+003 -4.41e+002 -1.42e+004 -3.30e+002 -1.99e+004 -1.97e+002 
      kend -4.47e+003 -3.85e+002  1.65e+003  5.51e+002  1.98e+002  1.75e+001 -3.28e+002 -7.52e+001 -7.43e+002 -6.28e+001 -1.24e+003 -4.84e+001 -1.82e+003 -3.13e+001 
         r -1.64e+004 -6.09e+002  1.92e+003  1.98e+002  6.48e+002  2.92e+000 -1.85e+003 -1.11e+002 -3.15e+003 -9.34e+001 -4.58e+003 -7.31e+001 -6.16e+003 -4.83e+001 
         C -3.63e+001 -8.69e+000  4.58e+001  1.75e+001  2.92e+000  6.39e-001  1.79e+000 -1.90e+000 -3.30e+000 -1.60e+000 -1.05e+001 -1.24e+000 -1.95e+001 -8.28e-001 
        n1  5.47e+004  2.25e+003 -4.83e+003 -3.28e+002 -1.85e+003  1.79e+000  6.56e+003  2.55e+002  1.10e+004  1.86e+002  1.59e+004  1.04e+002  2.13e+004  8.45e+000 
        A1  2.77e+003  1.36e+002 -5.36e+002 -7.52e+001 -1.11e+002 -1.90e+000  2.55e+002  3.09e+001  4.79e+002  2.68e+001  7.34e+002  2.24e+001  1.02e+003  1.69e+001 
        n2  9.38e+004  4.13e+003 -9.16e+003 -7.43e+002 -3.15e+003 -3.30e+000  1.10e+004  4.79e+002  1.88e+004  3.44e+002  2.72e+004  1.96e+002  3.66e+004  1.94e+001 
        A2  2.12e+003  8.31e+001 -4.41e+002 -6.28e+001 -9.34e+001 -1.60e+000  1.86e+002  2.68e+001  3.44e+002  2.56e+001  5.33e+002  2.28e+001  7.43e+002  1.96e+001 
        n3  1.37e+005  6.29e+003 -1.42e+004 -1.24e+003 -4.58e+003 -1.05e+001  1.59e+004  7.34e+002  2.72e+004  5.33e+002  4.00e+004  2.95e+002  5.37e+004  3.24e+001 
        A3  1.37e+003  2.26e+001 -3.30e+002 -4.84e+001 -7.31e+001 -1.24e+000  1.04e+002  2.24e+001  1.96e+002  2.28e+001  2.95e+002  2.36e+001  4.20e+002  2.25e+001 
        n4  1.85e+005  8.74e+003 -1.99e+004 -1.82e+003 -6.16e+003 -1.95e+001  2.13e+004  1.02e+003  3.66e+004  7.43e+002  5.37e+004  4.20e+002  7.29e+004  3.64e+001 
        A4  4.93e+002 -4.61e+001 -1.97e+002 -3.13e+001 -4.83e+001 -8.28e-001  8.45e+000  1.69e+001  1.94e+001  1.96e+001  3.24e+001  2.25e+001  3.64e+001  2.61e+001 

     Correlation Matrix
        kt  1.000000  0.765201 -0.728480 -0.274899 -0.929939 -0.065648  0.975516  0.719350  0.988337  0.605483  0.990915  0.407969  0.990080  0.139503 
        kd  0.765201  1.000000 -0.783584 -0.416840 -0.607925 -0.276061  0.704248  0.622704  0.765115  0.416825  0.799284  0.117905  0.822082 -0.229527 
        kc -0.728480 -0.783584  1.000000  0.691116  0.743028  0.564727 -0.588184 -0.949848 -0.658057 -0.858828 -0.698283 -0.668776 -0.724771 -0.379840 
      kend -0.274899 -0.416840  0.691116  1.000000  0.332124  0.932605 -0.172680 -0.575850 -0.230481 -0.528359 -0.264986 -0.423854 -0.287805 -0.261006 
         r -0.929939 -0.607925  0.743028  0.332124  1.000000  0.143744 -0.895778 -0.780999 -0.900696 -0.724907 -0.899781 -0.590803 -0.896790 -0.371967 
         C -0.065648 -0.276061  0.564727  0.932605  0.143744  1.000000  0.027580 -0.426919 -0.030104 -0.394177 -0.065911 -0.319863 -0.090290 -0.202919 
        n1  0.975516  0.704248 -0.588184 -0.172680 -0.895778  0.027580  1.000000  0.567053  0.987872  0.453339  0.980051  0.263645  0.971988  0.020445 
        A1  0.719350  0.622704 -0.949848 -0.575850 -0.780999 -0.426919  0.567053  1.000000  0.628437  0.952832  0.660641  0.828390  0.681296  0.593781 
        n2  0.988337  0.765115 -0.658057 -0.230481 -0.900696 -0.030104  0.987872  0.628437  1.000000  0.494891  0.992471  0.293302  0.988848  0.027655 
        A2  0.605483  0.416825 -0.858828 -0.528359 -0.724907 -0.394177  0.453339  0.952832  0.494891  1.000000  0.526547  0.924902  0.543188  0.759265 
        n3  0.990915  0.799284 -0.698283 -0.264986 -0.899781 -0.065911  0.980051  0.660641  0.992471  0.526547  1.000000  0.303789  0.994049  0.031705 
        A3  0.407969  0.117905 -0.668776 -0.423854 -0.590803 -0.319863  0.263645  0.828390  0.293302  0.924902  0.303789  1.000000  0.320093  0.905202 
        n4  0.990080  0.822082 -0.724771 -0.287805 -0.896790 -0.090290  0.971988  0.681296  0.988848  0.543188  0.994049  0.320093  1.000000  0.026379 
        A4  0.139503 -0.229527 -0.379840 -0.261006 -0.371967 -0.202919  0.020445  0.593781  0.027655  0.759265  0.031705  0.905202  0.026379  1.000000 

     Covariance Matrix
        kt  4.58e+001  2.00e+000 -4.90e+000 -4.28e-001 -1.57e+000 -3.48e-003  5.23e+000  2.65e-001  8.98e+000  2.03e-001  1.31e+001  1.31e-001  1.77e+001  4.72e-002 
        kd  2.00e+000  1.48e-001 -3.00e-001 -3.69e-002 -5.83e-002 -8.32e-004  2.15e-001  1.31e-002  3.96e-001  7.96e-003  6.02e-001  2.16e-003  8.37e-001 -4.42e-003 
        kc -4.90e+000 -3.00e-001  9.86e-001  1.58e-001  1.84e-001  4.39e-003 -4.63e-001 -5.13e-002 -8.78e-001 -4.23e-002 -1.36e+000 -3.16e-002 -1.90e+000 -1.88e-002 
      kend -4.28e-001 -3.69e-002  1.58e-001  5.28e-002  1.90e-002  1.68e-003 -3.14e-002 -7.20e-003 -7.11e-002 -6.01e-003 -1.19e-001 -4.63e-003 -1.75e-001 -3.00e-003 
         r -1.57e+000 -5.83e-002  1.84e-001  1.90e-002  6.20e-002  2.80e-004 -1.77e-001 -1.06e-002 -3.01e-001 -8.94e-003 -4.38e-001 -7.00e-003 -5.90e-001 -4.63e-003 
         C -3.48e-003 -8.32e-004  4.39e-003  1.68e-003  2.80e-004  6.12e-005  1.71e-004 -1.82e-004 -3.16e-004 -1.53e-004 -1.01e-003 -1.19e-004 -1.87e-003 -7.93e-005 
        n1  5.23e+000  2.15e-001 -4.63e-001 -3.14e-002 -1.77e-001  1.71e-004  6.28e-001  2.44e-002  1.05e+000  1.78e-002  1.52e+000  9.93e-003  2.03e+000  8.09e-004 
        A1  2.65e-001  1.31e-002 -5.13e-002 -7.20e-003 -1.06e-002 -1.82e-004  2.44e-002  2.96e-003  4.59e-002  2.57e-003  7.03e-002  2.14e-003  9.79e-002  1.61e-003 
        n2  8.98e+000  3.96e-001 -8.78e-001 -7.11e-002 -3.01e-001 -3.16e-004  1.05e+000  4.59e-002  1.80e+000  3.29e-002  2.61e+000  1.87e-002  3.51e+000  1.86e-003 
        A2  2.03e-001  7.96e-003 -4.23e-002 -6.01e-003 -8.94e-003 -1.53e-004  1.78e-002  2.57e-003  3.29e-002  2.46e-003  5.10e-002  2.18e-003  7.11e-002  1.88e-003 
        n3  1.31e+001  6.02e-001 -1.36e+000 -1.19e-001 -4.38e-001 -1.01e-003  1.52e+000  7.03e-002  2.61e+000  5.10e-002  3.83e+000  2.83e-002  5.14e+000  3.10e-003 
        A3  1.31e-001  2.16e-003 -3.16e-002 -4.63e-003 -7.00e-003 -1.19e-004  9.93e-003  2.14e-003  1.87e-002  2.18e-003  2.83e-002  2.26e-003  4.02e-002  2.15e-003 
        n4  1.77e+001  8.37e-001 -1.90e+000 -1.75e-001 -5.90e-001 -1.87e-003  2.03e+000  9.79e-002  3.51e+000  7.11e-002  5.14e+000  4.02e-002  6.98e+000  3.48e-003 
        A4  4.72e-002 -4.42e-003 -1.88e-002 -3.00e-003 -4.63e-003 -7.93e-005  8.09e-004  1.61e-003  1.86e-003  1.88e-003  3.10e-003  2.15e-003  3.48e-003  2.50e-003 

    fp         kt     4.68083779e+001    -1.00e+004     1.00e+004
    fp         kd     9.42423791e-001     7.13e-001     7.95e-001
    fp         kc     1.08651140e+001    -1.00e+003     1.00e+003
    fp       kend     2.08330719e+000    -1.00e+003     1.00e+003
    fp          r     1.15470397e+000    -1.00e+004     1.00e+004
    fp          C     5.51904732e-002    -1.00e+004     1.00e+004
    fp         n1     6.10360223e+000    -1.00e+004     1.00e+004
    fp         A1    -1.01852770e+000    -1.00e+004     1.00e+004
    fp         n2     9.73437650e+000    -1.00e+004     1.00e+004
    fp         A2    -1.01931424e+000    -1.00e+004     1.00e+004
    fp         n3     1.34063916e+001    -1.00e+004     1.00e+004
    fp         A3    -1.04139207e+000    -1.00e+004     1.00e+004
    fp         n4     1.71685122e+001    -1.00e+004     1.00e+004
    fp         A4    -1.06043044e+000    -1.00e+004     1.00e+004
    fp         n5     0.00000000e+000    -1.00e+004     1.00e+004
    fp         A5     0.00000000e+000    -1.00e+004     1.00e+004
    fp         n6     0.00000000e+000    -1.00e+004     1.00e+004
    fp         A6     0.00000000e+000    -1.00e+004     1.00e+004
    fp         n7     0.00000000e+000    -1.00e+004     1.00e+004
    fp         A7     0.00000000e+000    -1.00e+004     1.00e+004
    fp         n8     0.00000000e+000    -1.00e+004     1.00e+004
    fp         A8     0.00000000e+000    -1.00e+004     1.00e+004
    fp         n9     0.00000000e+000    -1.00e+004     1.00e+004
    fp         A9     0.00000000e+000    -1.00e+004     1.00e+004
    fp        n10     0.00000000e+000    -1.00e+004     1.00e+004
    fp        A10     0.00000000e+000    -1.00e+004     1.00e+004

     DOF:  786
     SSR:  7.5021e-002
     VAR:  9.5447e-005\n
     RCS:  1.0000e+000

     ATA (Information) Matrix
        kt  1.80e-003 -2.36e-003 -1.63e-003  1.13e-003 -2.89e-003 -3.61e-002 -2.70e-003 -1.50e-002 -2.14e-003 -1.56e-002 -1.71e-003 -1.55e-002 -1.36e-003 -1.48e-002 
        kd -2.36e-003  1.18e-001  6.75e-002  2.07e-002 -1.78e-002 -2.10e+000  1.07e-004  1.61e-001  8.30e-004  2.00e-001  1.43e-003  2.25e-001  1.86e-003  2.38e-001 
        kc -1.63e-003  6.75e-002  4.46e-002  1.22e-002 -9.87e-003 -1.34e+000 -7.10e-004  1.74e-001  7.99e-004  1.46e-001  1.40e-003  1.26e-001  1.57e-003  1.08e-001 
      kend  1.13e-003  2.07e-002  1.22e-002  2.66e-002 -3.34e-003 -1.02e+000 -1.60e-003  3.29e-002 -1.32e-003  3.23e-002 -1.11e-003  3.22e-002 -9.05e-004  3.18e-002 
         r -2.89e-003 -1.78e-002 -9.87e-003 -3.34e-003  3.89e-002  3.51e-001  1.21e-002  8.72e-003  5.24e-003  3.33e-003  2.66e-003  2.18e-003  1.47e-003  2.27e-003 
         C -3.61e-002 -2.10e+000 -1.34e+000 -1.02e+000  3.51e-001  6.24e+001  1.16e-001 -4.27e+000  6.71e-002 -3.86e+000  3.78e-002 -3.55e+000  1.79e-002 -3.24e+000 
        n1 -2.70e-003  1.07e-004 -7.10e-004 -1.60e-003  1.21e-002  1.16e-001  2.14e-002  9.76e-002  0.00e+000  0.00e+000  0.00e+000  0.00e+000  0.00e+000  0.00e+000 
        A1 -1.50e-002  1.61e-001  1.74e-001  3.29e-002  8.72e-003 -4.27e+000  9.76e-002  2.75e+000  0.00e+000  0.00e+000  0.00e+000  0.00e+000  0.00e+000  0.00e+000 
        n2 -2.14e-003  8.30e-004  7.99e-004 -1.32e-003  5.24e-003  6.71e-002  0.00e+000  0.00e+000  1.05e-002  6.73e-002  0.00e+000  0.00e+000  0.00e+000  0.00e+000 
        A2 -1.56e-002  2.00e-001  1.46e-001  3.23e-002  3.33e-003 -3.86e+000  0.00e+000  0.00e+000  6.73e-002  2.17e+000  0.00e+000  0.00e+000  0.00e+000  0.00e+000 
        n3 -1.71e-003  1.43e-003  1.40e-003 -1.11e-003  2.66e-003  3.78e-002  0.00e+000  0.00e+000  0.00e+000  0.00e+000  6.03e-003  4.99e-002  0.00e+000  0.00e+000 
        A3 -1.55e-002  2.25e-001  1.26e-001  3.22e-002  2.18e-003 -3.55e+000  0.00e+000  0.00e+000  0.00e+000  0.00e+000  4.99e-002  1.76e+000  0.00e+000  0.00e+000 
        n4 -1.36e-003  1.86e-003  1.57e-003 -9.05e-004  1.47e-003  1.79e-002  0.00e+000  0.00e+000  0.00e+000  0.00e+000  0.00e+000  0.00e+000  3.73e-003  3.81e-002 
        A4 -1.48e-002  2.38e-001  1.08e-001  3.18e-002  2.27e-003 -3.24e+000  0.00e+000  0.00e+000  0.00e+000  0.00e+000  0.00e+000  0.00e+000  3.81e-002  1.45e+000 

     Inverse of Information Matrix
        kt  5.16e+005  2.09e+004 -5.27e+004 -4.71e+003 -1.63e+004 -4.30e+001  5.93e+004  2.85e+003  1.02e+005  2.20e+003  1.48e+005  1.44e+003  1.99e+005  5.58e+002 
        kd  2.09e+004  1.45e+003 -3.00e+003 -3.75e+002 -5.67e+002 -8.56e+000  2.27e+003  1.31e+002  4.16e+003  8.11e+001  6.32e+003  2.39e+001  8.74e+003 -4.05e+001 
        kc -5.27e+004 -3.00e+003  1.02e+004  1.67e+003  1.84e+003  4.67e+001 -5.03e+003 -5.33e+002 -9.49e+003 -4.42e+002 -1.46e+004 -3.34e+002 -2.05e+004 -2.06e+002 
      kend -4.71e+003 -3.75e+002  1.67e+003  5.69e+002  1.95e+002  1.79e+001 -3.53e+002 -7.63e+001 -7.88e+002 -6.43e+001 -1.31e+003 -5.01e+001 -1.92e+003 -3.34e+001 
         r -1.63e+004 -5.67e+002  1.84e+003  1.95e+002  5.97e+002  3.05e+000 -1.85e+003 -1.06e+002 -3.15e+003 -8.98e+001 -4.58e+003 -7.07e+001 -6.16e+003 -4.76e+001 
         C -4.30e+001 -8.56e+000  4.67e+001  1.79e+001  3.05e+000  6.46e-001  1.19e+000 -1.95e+000 -4.46e+000 -1.65e+000 -1.24e+001 -1.30e+000 -2.20e+001 -8.92e-001 
        n1  5.93e+004  2.27e+003 -5.03e+003 -3.53e+002 -1.85e+003  1.19e+000  7.16e+003  2.66e+002  1.20e+004  1.96e+002  1.73e+004  1.12e+002  2.31e+004  1.51e+001 
        A1  2.85e+003  1.31e+002 -5.33e+002 -7.63e+001 -1.06e+002 -1.95e+000  2.66e+002  3.07e+001  4.98e+002  2.67e+001  7.61e+002  2.24e+001  1.06e+003  1.71e+001 
        n2  1.02e+005  4.16e+003 -9.49e+003 -7.88e+002 -3.15e+003 -4.46e+000  1.20e+004  4.98e+002  2.04e+004  3.61e+002  2.96e+004  2.10e+002  3.97e+004  3.21e+001 
        A2  2.20e+003  8.11e+001 -4.42e+002 -6.43e+001 -8.98e+001 -1.65e+000  1.96e+002  2.67e+001  3.61e+002  2.56e+001  5.58e+002  2.27e+001  7.75e+002  1.96e+001 
        n3  1.48e+005  6.32e+003 -1.46e+004 -1.31e+003 -4.58e+003 -1.24e+001  1.73e+004  7.61e+002  2.96e+004  5.58e+002  4.34e+004  3.17e+002  5.80e+004  5.24e+001 
        A3  1.44e+003  2.39e+001 -3.34e+002 -5.01e+001 -7.07e+001 -1.30e+000  1.12e+002  2.24e+001  2.10e+002  2.27e+001  3.17e+002  2.35e+001  4.49e+002  2.22e+001 
        n4  1.99e+005  8.74e+003 -2.05e+004 -1.92e+003 -6.16e+003 -2.20e+001  2.31e+004  1.06e+003  3.97e+004  7.75e+002  5.80e+004  4.49e+002  7.86e+004  6.43e+001 
        A4  5.58e+002 -4.05e+001 -2.06e+002 -3.34e+001 -4.76e+001 -8.92e-001  1.51e+001  1.71e+001  3.21e+001  1.96e+001  5.24e+001  2.22e+001  6.43e+001  2.56e+001 

     Correlation Matrix
        kt  1.000000  0.764730 -0.725495 -0.274845 -0.930156 -0.074524  0.976587  0.717162  0.988836  0.606450  0.991386  0.414641  0.990669  0.153763 
        kd  0.764730  1.000000 -0.779150 -0.413404 -0.609522 -0.280058  0.705525  0.621886  0.764214  0.421497  0.797436  0.129834  0.819489 -0.210280 
