     Input filename: data.dat
     Output filename: data.out

    fp         kt     4.26963487e+001    -1.00e+004     1.00e+004
    fp         kd     5.00000000e-001     7.13e-001     7.95e-001
    fp         kc     1.19495936e+001    -1.00e+003     1.00e+003
    fp       kend     2.19139142e+000    -1.00e+003     1.00e+003
    fp          r     1.28948584e+000    -1.00e+004     1.00e+004
    fp          C     5.69274403e-002    -1.00e+004     1.00e+004
    fp         n1     5.73813226e+000    -1.00e+004     1.00e+004
    fp         A1    -1.06808428e+000    -1.00e+004     1.00e+004
    fp         n2     8.97572765e+000    -1.00e+004     1.00e+004
    fp         A2    -1.05349492e+000    -1.00e+004     1.00e+004
    fp         n3     1.21898246e+001    -1.00e+004     1.00e+004
    fp         A3    -1.05871792e+000    -1.00e+004     1.00e+004
    fp         n4     1.54313714e+001    -1.00e+004     1.00e+004
    fp         A4    -1.05931542e+000    -1.00e+004     1.00e+004
    fp         n5     0.00000000e+000    -1.00e+004     1.00e+004
    fp         A5     0.00000000e+000    -1.00e+004     1.00e+004
    fp         n6     0.00000000e+000    -1.00e+004     1.00e+004
    fp         A6     0.00000000e+000    -1.00e+004     1.00e+004
    fp         n7     0.00000000e+000    -1.00e+004     1.00e+004
    fp         A7     0.00000000e+000    -1.00e+004     1.00e+004
    fp         n8     0.00000000e+000    -1.00e+004     1.00e+004
    fp         A8     0.00000000e+000    -1.00e+004     1.00e+004
    fp         n9     0.00000000e+000    -1.00e+004     1.00e+004
    fp         A9     0.00000000e+000    -1.00e+004     1.00e+004
    fp        n10     0.00000000e+000    -1.00e+004     1.00e+004
    fp        A10     0.00000000e+000    -1.00e+004     1.00e+004

     DOF:  787
     SSR:  7.5087e-002
     VAR:  9.5409e-005\n
     RCS:  1.0000e+000

     ATA (Information) Matrix
        kt  2.29e-003 -1.36e-003  1.63e-003 -2.71e-003 -6.48e-002 -3.38e-003 -1.52e-002 -2.67e-003 -1.54e-002 -2.14e-003 -1.50e-002 -1.71e-003 -1.42e-002 
        kc -1.36e-003  3.69e-002  1.14e-002 -9.40e-003 -1.28e+000 -1.02e-003  1.54e-001  4.76e-004  1.30e-001  1.05e-003  1.13e-001  1.23e-003  9.87e-002 
      kend  1.63e-003  1.14e-002  2.84e-002 -3.59e-003 -1.11e+000 -2.17e-003  3.38e-002 -1.83e-003  3.39e-002 -1.58e-003  3.44e-002 -1.33e-003  3.44e-002 
         r -2.71e-003 -9.40e-003 -3.59e-003  3.06e-002  3.80e-001  1.16e-002 -1.06e-003  4.94e-003 -4.43e-003  2.47e-003 -4.49e-003  1.34e-003 -3.65e-003 
         C -6.48e-002 -1.28e+000 -1.11e+000  3.80e-001  6.87e+001  1.61e-001 -4.36e+000  1.01e-001 -4.00e+000  6.60e-002 -3.74e+000  4.16e-002 -3.47e+000 
        n1 -3.38e-003 -1.02e-003 -2.17e-003  1.16e-002  1.61e-001  2.57e-002  9.26e-002  0.00e+000  0.00e+000  0.00e+000  0.00e+000  0.00e+000  0.00e+000 
        A1 -1.52e-002  1.54e-001  3.38e-002 -1.06e-003 -4.36e+000  9.26e-002  2.50e+000  0.00e+000  0.00e+000  0.00e+000  0.00e+000  0.00e+000  0.00e+000 
        n2 -2.67e-003  4.76e-004 -1.83e-003  4.94e-003  1.01e-001  0.00e+000  0.00e+000  1.28e-002  6.33e-002  0.00e+000  0.00e+000  0.00e+000  0.00e+000 
        A2 -1.54e-002  1.30e-001  3.39e-002 -4.43e-003 -4.00e+000  0.00e+000  0.00e+000  6.33e-002  2.03e+000  0.00e+000  0.00e+000  0.00e+000  0.00e+000 
        n3 -2.14e-003  1.05e-003 -1.58e-003  2.47e-003  6.60e-002  0.00e+000  0.00e+000  0.00e+000  0.00e+000  7.51e-003  4.69e-002  0.00e+000  0.00e+000 
        A3 -1.50e-002  1.13e-001  3.44e-002 -4.49e-003 -3.74e+000  0.00e+000  0.00e+000  0.00e+000  0.00e+000  4.69e-002  1.70e+000  0.00e+000  0.00e+000 
        n4 -1.71e-003  1.23e-003 -1.33e-003  1.34e-003  4.16e-002  0.00e+000  0.00e+000  0.00e+000  0.00e+000  0.00e+000  0.00e+000  4.74e-003  3.60e-002 
        A4 -1.42e-002  9.87e-002  3.44e-002 -3.65e-003 -3.47e+000  0.00e+000  0.00e+000  0.00e+000  0.00e+000  0.00e+000  0.00e+000  3.60e-002  1.45e+000 

     Inverse of Information Matrix
        kt  1.38e+005 -7.89e+003  9.85e+002 -6.76e+003  9.03e+001  1.75e+004  8.19e+002  2.69e+004  8.60e+002  3.66e+004  8.95e+002  4.65e+004  9.14e+002 
        kd -7.89e+003  5.91e+003  1.00e+003  8.95e+002  2.77e+001  6.95e+001 -3.79e+002 -3.64e+002 -3.88e+002 -9.36e+002 -3.95e+002 -1.59e+003 -3.96e+002 
        kc  9.85e+002  1.00e+003  4.38e+002  4.64e+001  1.40e+001  2.67e+002 -4.69e+001  3.34e+002 -4.68e+001  3.86e+002 -4.67e+001  4.34e+002 -4.61e+001 
      kend -6.76e+003  8.95e+002  4.64e+001  4.27e+002 -1.37e+000 -7.82e+002 -7.00e+001 -1.23e+003 -7.27e+001 -1.70e+003 -7.50e+001 -2.20e+003 -7.60e+001 
         r  9.03e+001  2.77e+001  1.40e+001 -1.37e+000  5.29e-001  1.50e+001 -9.73e-001  2.08e+001 -9.36e-001  2.62e+001 -8.99e-001  3.17e+001 -8.57e-001 
         C  1.75e+004  6.95e+001  2.67e+002 -7.82e+002  1.50e+001  2.52e+003  3.14e+001  3.69e+003  3.63e+001  4.92e+003  3.93e+001  6.17e+003  4.14e+001 
        n1  8.19e+002 -3.79e+002 -4.69e+001 -7.00e+001 -9.73e-001  3.14e+001  2.64e+001  8.08e+001  2.67e+001  1.38e+002  2.73e+001  2.01e+002  2.74e+001 
        A1  2.69e+004 -3.64e+002  3.34e+002 -1.23e+003  2.08e+001  3.69e+003  8.08e+001  5.66e+003  8.36e+001  7.45e+003  9.16e+001  9.38e+003  9.48e+001 
        n2  8.60e+002 -3.88e+002 -4.68e+001 -7.27e+001 -9.36e-001  3.63e+001  2.67e+001  8.36e+001  2.80e+001  1.46e+002  2.81e+001  2.12e+002  2.82e+001 
        A2  3.66e+004 -9.36e+002  3.86e+002 -1.70e+003  2.62e+001  4.92e+003  1.38e+002  7.45e+003  1.46e+002  1.02e+004  1.49e+002  1.26e+004  1.58e+002 
        n3  8.95e+002 -3.95e+002 -4.67e+001 -7.50e+001 -8.99e-001  3.93e+001  2.73e+001  9.16e+001  2.81e+001  1.49e+002  2.94e+001  2.22e+002  2.89e+001 
        A3  4.65e+004 -1.59e+003  4.34e+002 -2.20e+003  3.17e+001  6.17e+003  2.01e+002  9.38e+003  2.12e+002  1.26e+004  2.22e+002  1.62e+004  2.21e+002 
        n4  9.14e+002 -3.96e+002 -4.61e+001 -7.60e+001 -8.57e-001  4.14e+001  2.74e+001  9.48e+001  2.82e+001  1.58e+002  2.89e+001  2.21e+002  2.99e+001 

     Correlation Matrix
        kt  1.000000 -0.275718  0.126501 -0.879519  0.333956  0.938771  0.428643  0.962897  0.436394  0.975322  0.443460  0.981862  0.448832 
        kd -0.275718  1.000000  0.622966  0.563073  0.494910  0.018028 -0.958625 -0.062978 -0.952389 -0.120752 -0.946368 -0.162288 -0.940500 
        kc  0.126501  0.622966  1.000000  0.107390  0.921416  0.254258 -0.436405  0.212345 -0.422834  0.182755 -0.411515  0.162765 -0.402747 
      kend -0.879519  0.563073  0.107390  1.000000 -0.091149 -0.754819 -0.659022 -0.791981 -0.664392 -0.816861 -0.669008 -0.833612 -0.672069 
         r  0.333956  0.494910  0.921416 -0.091149  1.000000  0.411074 -0.260582  0.380459 -0.243037  0.357762 -0.227833  0.342233 -0.215517 
         C  0.938771  0.018028  0.254258 -0.754819  0.411074  1.000000  0.121660  0.979118  0.136614  0.972313  0.144559  0.964847  0.150951 
        n1  0.428643 -0.958625 -0.436405 -0.659022 -0.260582  0.121660  1.000000  0.209006  0.980708  0.266046  0.978534  0.307056  0.975747 
        A1  0.962897 -0.062978  0.212345 -0.791981  0.380459  0.979118  0.209006  1.000000  0.209803  0.982072  0.224519  0.978336  0.230447 
        n2  0.436394 -0.952389 -0.422834 -0.664392 -0.243037  0.136614  0.980708  0.209803  1.000000  0.273743  0.977427  0.314530  0.974918 
        A2  0.975322 -0.120752  0.182755 -0.816861  0.357762  0.972313  0.266046  0.982072  0.273743  1.000000  0.272780  0.983109  0.286475 
        n3  0.443460 -0.946368 -0.411515 -0.669008 -0.227833  0.144559  0.978534  0.224519  0.977427  0.272780  1.000000  0.321442  0.973631 
        A3  0.981862 -0.162288  0.162765 -0.833612  0.342233  0.964847  0.307056  0.978336  0.314530  0.983109  0.321442  1.000000  0.317514 
        n4  0.448832 -0.940500 -0.402747 -0.672069 -0.215517  0.150951  0.975747  0.230447  0.974918  0.286475  0.973631  0.317514  1.000000 

     Covariance Matrix
        kt  1.32e+001 -7.52e-001  9.39e-002 -6.45e-001  8.62e-003  1.67e+000  7.82e-002  2.57e+000  8.20e-002  3.49e+000  8.54e-002  4.44e+000  8.72e-002 
        kd -7.52e-001  5.64e-001  9.56e-002  8.53e-002  2.64e-003  6.63e-003 -3.61e-002 -3.47e-002 -3.70e-002 -8.93e-002 -3.77e-002 -1.52e-001 -3.77e-002 
        kc  9.39e-002  9.56e-002  4.18e-002  4.43e-003  1.34e-003  2.55e-002 -4.48e-003  3.19e-002 -4.47e-003  3.68e-002 -4.46e-003  4.14e-002 -4.40e-003 
      kend -6.45e-001  8.53e-002  4.43e-003  4.07e-002 -1.31e-004 -7.46e-002 -6.68e-003 -1.17e-001 -6.94e-003 -1.62e-001 -7.16e-003 -2.09e-001 -7.25e-003 
         r  8.62e-003  2.64e-003  1.34e-003 -1.31e-004  5.04e-005  1.43e-003 -9.29e-005  1.99e-003 -8.93e-005  2.50e-003 -8.58e-005  3.03e-003 -8.18e-005 
         C  1.67e+000  6.63e-003  2.55e-002 -7.46e-002  1.43e-003  2.40e-001  2.99e-003  3.52e-001  3.46e-003  4.69e-001  3.75e-003  5.88e-001  3.95e-003 
        n1  7.82e-002 -3.61e-002 -4.48e-003 -6.68e-003 -9.29e-005  2.99e-003  2.52e-003  7.71e-003  2.55e-003  1.32e-002  2.60e-003  1.92e-002  2.62e-003 
        A1  2.57e+000 -3.47e-002  3.19e-002 -1.17e-001  1.99e-003  3.52e-001  7.71e-003  5.40e-001  7.97e-003  7.11e-001  8.74e-003  8.95e-001  9.05e-003 
        n2  8.20e-002 -3.70e-002 -4.47e-003 -6.94e-003 -8.93e-005  3.46e-003  2.55e-003  7.97e-003  2.68e-003  1.39e-002  2.68e-003  2.03e-002  2.69e-003 
        A2  3.49e+000 -8.93e-002  3.68e-002 -1.62e-001  2.50e-003  4.69e-001  1.32e-002  7.11e-001  1.39e-002  9.70e-001  1.42e-002  1.21e+000  1.51e-002 
        n3  8.54e-002 -3.77e-002 -4.46e-003 -7.16e-003 -8.58e-005  3.75e-003  2.60e-003  8.74e-003  2.68e-003  1.42e-002  2.81e-003  2.12e-002  2.76e-003 
        A3  4.44e+000 -1.52e-001  4.14e-002 -2.09e-001  3.03e-003  5.88e-001  1.92e-002  8.95e-001  2.03e-002  1.21e+000  2.12e-002  1.55e+000  2.11e-002 
        n4  8.72e-002 -3.77e-002 -4.40e-003 -7.25e-003 -8.18e-005  3.95e-003  2.62e-003  9.05e-003  2.69e-003  1.51e-002  2.76e-003  2.11e-002  2.86e-003 

    fp         kt     4.26963487e+001    -1.00e+004     1.00e+004
    fp         kd     5.00000000e-001     7.13e-001     7.95e-001
    fp         kc     1.19495936e+001    -1.00e+003     1.00e+003
    fp       kend     2.19139142e+000    -1.00e+003     1.00e+003
    fp          r     1.28948584e+000    -1.00e+004     1.00e+004
    fp          C     5.69274403e-002    -1.00e+004     1.00e+004
    fp         n1     5.73813226e+000    -1.00e+004     1.00e+004
    fp         A1    -1.06808428e+000    -1.00e+004     1.00e+004
    fp         n2     8.97572765e+000    -1.00e+004     1.00e+004
    fp         A2    -1.05349492e+000    -1.00e+004     1.00e+004
    fp         n3     1.21898246e+001    -1.00e+004     1.00e+004
    fp         A3    -1.05871792e+000    -1.00e+004     1.00e+004
    fp         n4     1.54313714e+001    -1.00e+004     1.00e+004
    fp         A4    -1.05931542e+000    -1.00e+004     1.00e+004
    fp         n5     0.00000000e+000    -1.00e+004     1.00e+004
    fp         A5     0.00000000e+000    -1.00e+004     1.00e+004
    fp         n6     0.00000000e+000    -1.00e+004     1.00e+004
    fp         A6     0.00000000e+000    -1.00e+004     1.00e+004
    fp         n7     0.00000000e+000    -1.00e+004     1.00e+004
    fp         A7     0.00000000e+000    -1.00e+004     1.00e+004
    fp         n8     0.00000000e+000    -1.00e+004     1.00e+004
    fp         A8     0.00000000e+000    -1.00e+004     1.00e+004
    fp         n9     0.00000000e+000    -1.00e+004     1.00e+004
    fp         A9     0.00000000e+000    -1.00e+004     1.00e+004
    fp        n10     0.00000000e+000    -1.00e+004     1.00e+004
    fp        A10     0.00000000e+000    -1.00e+004     1.00e+004

     DOF:  787
     SSR:  7.5087e-002
     VAR:  9.5409e-005\n
     RCS:  1.0000e+000

     ATA (Information) Matrix
        kt  2.29e-003 -1.36e-003  1.63e-003 -2.71e-003 -6.48e-002 -3.38e-003 -1.52e-002 -2.67e-003 -1.54e-002 -2.14e-003 -1.50e-002 -1.71e-003 -1.42e-002 
        kc -1.36e-003  3.69e-002  1.14e-002 -9.40e-003 -1.28e+000 -1.02e-003  1.54e-001  4.76e-004  1.30e-001  1.05e-003  1.13e-001  1.23e-003  9.87e-002 
      kend  1.63e-003  1.14e-002  2.84e-002 -3.59e-003 -1.11e+000 -2.17e-003  3.38e-002 -1.83e-003  3.39e-002 -1.58e-003  3.44e-002 -1.33e-003  3.44e-002 
         r -2.71e-003 -9.40e-003 -3.59e-003  3.06e-002  3.80e-001  1.16e-002 -1.06e-003  4.94e-003 -4.43e-003  2.47e-003 -4.49e-003  1.34e-003 -3.65e-003 
         C -6.48e-002 -1.28e+000 -1.11e+000  3.80e-001  6.87e+001  1.61e-001 -4.36e+000  1.01e-001 -4.00e+000  6.60e-002 -3.74e+000  4.16e-002 -3.47e+000 
        n1 -3.38e-003 -1.02e-003 -2.17e-003  1.16e-002  1.61e-001  2.57e-002  9.26e-002  0.00e+000  0.00e+000  0.00e+000  0.00e+000  0.00e+000  0.00e+000 
        A1 -1.52e-002  1.54e-001  3.38e-002 -1.06e-003 -4.36e+000  9.26e-002  2.50e+000  0.00e+000  0.00e+000  0.00e+000  0.00e+000  0.00e+000  0.00e+000 
        n2 -2.67e-003  4.76e-004 -1.83e-003  4.94e-003  1.01e-001  0.00e+000  0.00e+000  1.28e-002  6.33e-002  0.00e+000  0.00e+000  0.00e+000  0.00e+000 
        A2 -1.54e-002  1.30e-001  3.39e-002 -4.43e-003 -4.00e+000  0.00e+000  0.00e+000  6.33e-002  2.03e+000  0.00e+000  0.00e+000  0.00e+000  0.00e+000 
        n3 -2.14e-003  1.05e-003 -1.58e-003  2.47e-003  6.60e-002  0.00e+000  0.00e+000  0.00e+000  0.00e+000  7.51e-003  4.69e-002  0.00e+000  0.00e+000 
        A3 -1.50e-002  1.13e-001  3.44e-002 -4.49e-003 -3.74e+000  0.00e+000  0.00e+000  0.00e+000  0.00e+000  4.69e-002  1.70e+000  0.00e+000  0.00e+000 
        n4 -1.71e-003  1.23e-003 -1.33e-003  1.34e-003  4.16e-002  0.00e+000  0.00e+000  0.00e+000  0.00e+000  0.00e+000  0.00e+000  4.74e-003  3.60e-002 
        A4 -1.42e-002  9.87e-002  3.44e-002 -3.65e-003 -3.47e+000  0.00e+000  0.00e+000  0.00e+000  0.00e+000  0.00e+000  0.00e+000  3.60e-002  1.45e+000 

     Inverse of Information Matrix
        kt  1.38e+005 -7.89e+003  9.85e+002 -6.76e+003  9.03e+001  1.75e+004  8.19e+002  2.69e+004  8.60e+002  3.66e+004  8.95e+002  4.65e+004  9.14e+002 
        kd -7.89e+003  5.91e+003  1.00e+003  8.95e+002  2.77e+001  6.95e+001 -3.79e+002 -3.64e+002 -3.88e+002 -9.36e+002 -3.95e+002 -1.59e+003 -3.96e+002 
        kc  9.85e+002  1.00e+003  4.38e+002  4.64e+001  1.40e+001  2.67e+002 -4.69e+001  3.34e+002 -4.68e+001  3.86e+002 -4.67e+001  4.34e+002 -4.61e+001 
      kend -6.76e+003  8.95e+002  4.64e+001  4.27e+002 -1.37e+000 -7.82e+002 -7.00e+001 -1.23e+003 -7.27e+001 -1.70e+003 -7.50e+001 -2.20e+003 -7.60e+001 
         r  9.03e+001  2.77e+001  1.40e+001 -1.37e+000  5.29e-001  1.50e+001 -9.73e-001  2.08e+001 -9.36e-001  2.62e+001 -8.99e-001  3.17e+001 -8.57e-001 
         C  1.75e+004  6.95e+001  2.67e+002 -7.82e+002  1.50e+001  2.52e+003  3.14e+001  3.69e+003  3.63e+001  4.92e+003  3.93e+001  6.17e+003  4.14e+001 
        n1  8.19e+002 -3.79e+002 -4.69e+001 -7.00e+001 -9.73e-001  3.14e+001  2.64e+001  8.08e+001  2.67e+001  1.38e+002  2.73e+001  2.01e+002  2.74e+001 
        A1  2.69e+004 -3.64e+002  3.34e+002 -1.23e+003  2.08e+001  3.69e+003  8.08e+001  5.66e+003  8.36e+001  7.45e+003  9.16e+001  9.38e+003  9.48e+001 
        n2  8.60e+002 -3.88e+002 -4.68e+001 -7.27e+001 -9.36e-001  3.63e+001  2.67e+001  8.36e+001  2.80e+001  1.46e+002  2.81e+001  2.12e+002  2.82e+001 
        A2  3.66e+004 -9.36e+002  3.86e+002 -1.70e+003  2.62e+001  4.92e+003  1.38e+002  7.45e+003  1.46e+002  1.02e+004  1.49e+002  1.26e+004  1.58e+002 
        n3  8.95e+002 -3.95e+002 -4.67e+001 -7.50e+001 -8.99e-001  3.93e+001  2.73e+001  9.16e+001  2.81e+001  1.49e+002  2.94e+001  2.22e+002  2.89e+001 
        A3  4.65e+004 -1.59e+003  4.34e+002 -2.20e+003  3.17e+001  6.17e+003  2.01e+002  9.38e+003  2.12e+002  1.26e+004  2.22e+002  1.62e+004  2.21e+002 
        n4  9.14e+002 -3.96e+002 -4.61e+001 -7.60e+001 -8.57e-001  4.14e+001  2.74e+001  9.48e+001  2.82e+001  1.58e+002  2.89e+001  2.21e+002  2.99e+001 

     Correlation Matrix
        kt  1.000000 -0.275718  0.126501 -0.879519  0.333956  0.938771  0.428643  0.962897  0.436394  0.975322  0.443460  0.981862  0.448832 
        kd -0.275718  1.000000  0.622966  0.563073  0.494910  0.018028 -0.958625 -0.062978 -0.952389 -0.120752 -0.946368 -0.162288 -0.940500 
        kc  0.126501  0.622966  1.000000  0.107390  0.921416  0.254258 -0.436405  0.212345 -0.422834  0.182755 -0.411515  0.162765 -0.402747 
      kend -0.879519  0.563073  0.107390  1.000000 -0.091149 -0.754819 -0.659022 -0.791981 -0.664392 -0.816861 -0.669008 -0.833612 -0.672069 
         r  0.333956  0.494910  0.921416 -0.091149  1.000000  0.411074 -0.260582  0.380459 -0.243037  0.357762 -0.227833  0.342233 -0.215517 
         C  0.938771  0.018028  0.254258 -0.754819  0.411074  1.000000  0.121660  0.979118  0.136614  0.972313  0.144559  0.964847  0.150951 
        n1  0.428643 -0.958625 -0.436405 -0.659022 -0.260582  0.121660  1.000000  0.209006  0.980708  0.266046  0.978534  0.307056  0.975747 
        A1  0.962897 -0.062978  0.212345 -0.791981  0.380459  0.979118  0.209006  1.000000  0.209803  0.982072  0.224519  0.978336  0.230447 
        n2  0.436394 -0.952389 -0.422834 -0.664392 -0.243037  0.136614  0.980708  0.209803  1.000000  0.273743  0.977427  0.314530  0.974918 
        A2  0.975322 -0.120752  0.182755 -0.816861  0.357762  0.972313  0.266046  0.982072  0.273743  1.000000  0.272780  0.983109  0.286475 
        n3  0.443460 -0.946368 -0.411515 -0.669008 -0.227833  0.144559  0.978534  0.224519  0.977427  0.272780  1.000000  0.321442  0.973631 
        A3  0.981862 -0.162288  0.162765 -0.833612  0.342233  0.964847  0.307056  0.978336  0.314530  0.983109  0.321442  1.000000  0.317514 
        n4  0.448832 -0.940500 -0.402747 -0.672069 -0.215517  0.150951  0.975747  0.230447  0.974918  0.286475  0.973631  0.317514  1.000000 

     Covariance Matrix
        kt  1.32e+001 -7.52e-001  9.39e-002 -6.45e-001  8.62e-003  1.67e+000  7.82e-002  2.57e+000  8.20e-002  3.49e+000  8.54e-002  4.44e+000  8.72e-002 
        kd -7.52e-001  5.64e-001  9.56e-002  8.53e-002  2.64e-003  6.63e-003 -3.61e-002 -3.47e-002 -3.70e-002 -8.93e-002 -3.77e-002 -1.52e-001 -3.77e-002 
        kc  9.39e-002  9.56e-002  4.18e-002  4.43e-003  1.34e-003  2.55e-002 -4.48e-003  3.19e-002 -4.47e-003  3.68e-002 -4.46e-003  4.14e-002 -4.40e-003 
      kend -6.45e-001  8.53e-002  4.43e-003  4.07e-002 -1.31e-004 -7.46e-002 -6.68e-003 -1.17e-001 -6.94e-003 -1.62e-001 -7.16e-003 -2.09e-001 -7.25e-003 
         r  8.62e-003  2.64e-003  1.34e-003 -1.31e-004  5.04e-005  1.43e-003 -9.29e-005  1.99e-003 -8.93e-005  2.50e-003 -8.58e-005  3.03e-003 -8.18e-005 
         C  1.67e+000  6.63e-003  2.55e-002 -7.46e-002  1.43e-003  2.40e-001  2.99e-003  3.52e-001  3.46e-003  4.69e-001  3.75e-003  5.88e-001  3.95e-003 
        n1  7.82e-002 -3.61e-002 -4.48e-003 -6.68e-003 -9.29e-005  2.99e-003  2.52e-003  7.71e-003  2.55e-003  1.32e-002  2.60e-003  1.92e-002  2.62e-003 
        A1  2.57e+000 -3.47e-002  3.19e-002 -1.17e-001  1.99e-003  3.52e-001  7.71e-003  5.40e-001  7.97e-003  7.11e-001  8.74e-003  8.95e-001  9.05e-003 
        n2  8.20e-002 -3.70e-002 -4.47e-003 -6.94e-003 -8.93e-005  3.46e-003  2.55e-003  7.97e-003  2.68e-003  1.39e-002  2.68e-003  2.03e-002  2.69e-003 
        A2  3.49e+000 -8.93e-002  3.68e-002 -1.62e-001  2.50e-003  4.69e-001  1.32e-002  7.11e-001  1.39e-002  9.70e-001  1.42e-002  1.21e+000  1.51e-002 
        n3  8.54e-002 -3.77e-002 -4.46e-003 -7.16e-003 -8.58e-005  3.75e-003  2.60e-003  8.74e-003  2.68e-003  1.42e-002  2.81e-003  2.12e-002  2.76e-003 
        A3  4.44e+000 -1.52e-001  4.14e-002 -2.09e-001  3.03e-003  5.88e-001  1.92e-002  8.95e-001  2.03e-002  1.21e+000  2.12e-002  1.55e+000  2.11e-002 
        n4  8.72e-002 -3.77e-002 -4.40e-003 -7.25e-003 -8.18e-005  3.95e-003  2.62e-003  9.05e-003  2.69e-003  1.51e-002  2.76e-003  2.11e-002  2.86e-003 

